
-0.1700846706006510E+02,-0.2147941930579901E-01,-0.6120453534905185E+01,-0.1008449921287110E-04,,,-0.1698202243029735E+01,-0.1960111467040683E-03,,,
-0.1692864670809990E+02,0.5095192881500133E-02,-0.5943373108850070E+01,-0.1766215231968547E-04,,,0.1698202243029735E+01,-0.1960111467040683E-03,,,
-0.1692864656663175E+02,-0.4652782214864104E-02,-0.5675481066997935E+01,-0.2421090018188017E-04,,,,,,,
-0.1676907157706805E+02,0.4028396446382370E-02,-0.5403972656052850E+01,-0.2924911737233049E-04,,,,,,,
-0.1676907116828080E+02,-0.3579089627240755E-02,-0.5180975413186310E+01,-0.3303881240420756E-04,,,,,,,
-0.1660950132875845E+02,0.3632663388520393E-02,-0.4984424251274074E+01,-0.3569367957666217E-04,,,,,,,
-0.1660950068376410E+02,-0.3155960958469358E-02,-0.4787788167773835E+01,-0.3854320639011825E-04,,,,,,,
-0.1644971979986290E+02,0.3256100131091972E-02,-0.4591069554106245E+01,-0.4072979327901789E-04,,,,,,,
-0.1644971894948780E+02,-0.2785224437504068E-02,-0.4394270625579304E+01,-0.4269303849200467E-04,,,,,,,
-0.1628958110201235E+02,0.2939271606203595E-02,-0.4197393412400330E+01,-0.4447786996819095E-04,,,,,,,
-0.1628958007675040E+02,-0.2477425385017384E-02,-0.4000439750687880E+01,-0.4608654551320209E-04,,,,,,,
-0.1612900472028925E+02,0.2678715159359139E-02,-0.3803411273483700E+01,-0.4756646939865791E-04,,,,,,,
-0.1612900355032535E+02,-0.2231957653088096E-02,-0.3606309401764700E+01,-0.4899991747125015E-04,,,,,,,
-0.1596797061174045E+02,0.2457436100737523E-02,-0.3409135335454880E+01,-0.5048597094428370E-04,,,,,,,
-0.1596796932704365E+02,-0.2030063189405469E-02,-0.3211890044437270E+01,-0.5212861942892418E-04,,,,,,,
-0.1580651430388980E+02,0.2273032866558230E-02,-0.3014574259565890E+01,-0.5408367780360434E-04,,,,,,,
-0.1580651293437625E+02,-0.1855634399148671E-02,-0.2817188463677705E+01,-0.5653288285020567E-04,,,,,,,
-0.1564472199325055E+02,0.2118793355589576E-02,-0.2619732882604565E+01,-0.5957165209278824E-04,,,,,,,
-0.1564472056901675E+02,-0.1718832974229180E-02,-0.2422207476185145E+01,-0.6336973776010427E-04,,,,,,,
-0.1548272564383810E+02,0.2002571771679331E-02,-0.2224611929276900E+01,-0.6795782731251385E-04,,,,,,,
-0.1548272419546395E+02,-0.1604946757304360E-02,-0.2026945642768020E+01,-0.7316594784436378E-04,,,,,,,
-0.1532069691975770E+02,0.1883756700862238E-02,-0.1829207724589365E+01,-0.7808303467271962E-04,,,,,,,
-0.1532069547867770E+02,-0.1506520319687572E-02,-0.1631396980726420E+01,-0.8191513196009882E-04,,,,,,,
-0.1515874102707905E+02,0.1793302731164270E-02,-0.1433511906231240E+01,-0.8226941500527092E-04,,,,,,,
-0.1515873962587550E+02,-0.1430796964128681E-02,-0.1235550676234400E+01,-0.7543488429366004E-04,,,,,,,
-0.1499672808762250E+02,0.1761778745133971E-02,-0.1037511136956944E+01,-0.5723434985576936E-04,,,,,,,
-0.1499672676006100E+02,-0.1381713540830692E-02,-0.8393907967223244E+00,-0.3391211173983590E-04,,,,,,,
-0.1483440459941815E+02,0.1673464423163461E-02,-0.7081118825686514E+00,0.8875123646074842E-04,,,,,,,
-0.1483440338049885E+02,-0.1309179202437533E-02,0.7081118825686514E+00,0.8875123646074842E-04,,,,,,,
-0.1467159498913675E+02,0.1607478315984094E-02,0.8393907967223244E+00,-0.3391211173983590E-04,,,,,,,
-0.1467159391529265E+02,-0.1251407572216016E-02,0.1037511136956944E+01,-0.5723434985576936E-04,,,,,,,
-0.1450823038755115E+02,0.1551342462192457E-02,0.1235550676234400E+01,-0.7543488429366004E-04,,,,,,,
-0.1450822949679310E+02,-0.1201054738052421E-02,0.1433511906231240E+01,-0.8226941500527092E-04,,,,,,,
-0.1434435816602990E+02,0.1498984554766643E-02,0.1631396980726420E+01,-0.8191513196009882E-04,,,,,,,
-0.1434435749801450E+02,-0.1157431547895147E-02,0.1829207724589365E+01,-0.7808303467271962E-04,,,,,,,
-0.1418015147303125E+02,0.1466423647141231E-02,0.2026945642768020E+01,-0.7316594784436378E-04,,,,,,,
-0.1418015106905130E+02,-0.1123455716064947E-02,0.2224611929276900E+01,-0.6795782731251385E-04,,,,,,,
-0.1401586455089375E+02,0.1431142665982777E-02,0.2422207476185145E+01,-0.6336973776010427E-04,,,,,,,
-0.1401586445383860E+02,-0.1090941042661893E-02,0.2619732882604565E+01,-0.5957165209278824E-04,,,,,,,
-0.1385154112579815E+02,-0.1061995836874765E-02,0.2817188463677705E+01,-0.5653288285020567E-04,,,,,,,
-0.1385154087122615E+02,0.1399872941044590E-02,0.3014574259565890E+01,-0.5408367780360434E-04,,,,,,,
-0.1368694929348460E+02,-0.1036584806833506E-02,0.3211890044437270E+01,-0.5212861942892418E-04,,,,,,,
-0.1368694864036520E+02,0.1374343890998270E-02,0.3409135335454880E+01,-0.5048597094428370E-04,,,,,,,
-0.1352185678757580E+02,-0.1015305843440061E-02,0.3606309401764700E+01,-0.4899991747125015E-04,,,,,,,
-0.1352185568656175E+02,0.1348520089306386E-02,0.3803411273483700E+01,-0.4756646939865791E-04,,,,,,,
-0.1335613093306520E+02,-0.9997343396677201E-03,0.4000439750687880E+01,-0.4608654551320209E-04,,,,,,,
-0.1335612933239515E+02,0.1337031158995096E-02,0.4197393412400330E+01,-0.4447786996819095E-04,,,,,,,
-0.1318974428757885E+02,-0.9809092909440740E-03,0.4394270625579304E+01,-0.4269303849200467E-04,,,,,,,
-0.1318974213326025E+02,0.1320222664368878E-02,0.4591069554106245E+01,-0.4072979327901789E-04,,,,,,,
-0.1302278031050010E+02,-0.9618514758955823E-03,0.4787788167773835E+01,-0.3854320639011825E-04,,,,,,,
-0.1302277754666240E+02,0.1300930000275621E-02,0.4984424251274074E+01,-0.3569367957666217E-04,,,,,,,
-0.1285543903209400E+02,-0.9456723486949544E-03,0.5180975413186310E+01,-0.3303881240420756E-04,,,,,,,
-0.1285543560151230E+02,0.1285808605300454E-02,0.5403972656052850E+01,-0.2924911737233049E-04,,,,,,,
-0.1268798711386140E+02,-0.9321765563874452E-03,0.5675481066997935E+01,-0.2421090018188017E-04,,,,,,,
-0.1268798295844085E+02,0.1272089022971858E-02,0.5943373108850070E+01,-0.1766215231968547E-04,,,,,,,
-0.1252043580813835E+02,-0.9201216404906321E-03,0.6120453534905185E+01,-0.1008449921287110E-04,,,,,,,
-0.1252043086813325E+02,0.1264596339377147E-02,,,,,,,,,
-0.1235250100340255E+02,-0.9066312696170979E-03,,,,,,,,,
-0.1235249521605630E+02,0.1254277959843290E-02,,,,,,,,,
-0.1218395587272005E+02,-0.8917173577813208E-03,,,,,,,,,
-0.1218394917211355E+02,0.1211829003553815E-02,,,,,,,,,
-0.1201474741619435E+02,-0.8929963419868761E-03,,,,,,,,,
-0.1201473973400500E+02,0.1268816310675653E-02,,,,,,,,,
-0.1184498264850625E+02,-0.8843277797938416E-03,,,,,,,,,
-0.1184497391529525E+02,0.1246556259174159E-02,,,,,,,,,
-0.1167491238484210E+02,-0.8360888978583107E-03,,,,,,,,,
-0.1167490253184825E+02,0.1169469618028935E-02,,,,,,,,,
-0.1150474047434965E+02,-0.8310384945219436E-03,,,,,,,,,
-0.1150472943399695E+02,0.1179144928531106E-02,,,,,,,,,
-0.1133434446923415E+02,-0.8519705178611442E-03,,,,,,,,,
-0.1133433217261895E+02,0.1210304297104868E-02,,,,,,,,,
-0.1116347841776885E+02,-0.8432915663062385E-03,,,,,,,,,
-0.1116346479324045E+02,0.1211625449634759E-02,,,,,,,,,
-0.1099208112244340E+02,-0.8370702978273784E-03,,,,,,,,,
-0.1099206609710320E+02,0.1210746605076835E-02,,,,,,,,,
-0.1082025745925280E+02,-0.8445758986844386E-03,,,,,,,,,
-0.1082024096082135E+02,0.1227199909210093E-02,,,,,,,,,
-0.1064822251529960E+02,-0.8340234557528205E-03,,,,,,,,,
-0.1064820447401895E+02,0.1222199423403287E-02,,,,,,,,,
-0.1047611893164680E+02,-0.8245762328216717E-03,,,,,,,,,
-0.1047609928070085E+02,0.1216520570780489E-02,,,,,,,,,
-0.1030386168689885E+02,-0.8145837317542201E-03,,,,,,,,,
-0.1030384036101280E+02,0.1215352467736131E-02,,,,,,,,,
-0.1013133709541280E+02,-0.8043423526619872E-03,,,,,,,,,
-0.1013131403110040E+02,0.1188646599774057E-02,,,,,,,,,
-0.9958581273406216E+01,-0.7974960960294870E-03,,,,,,,,,
-0.9958556410933525E+01,0.1207704318605318E-02,,,,,,,,,
-0.9785717732374716E+01,-0.7889407012735682E-03,,,,,,,,,
-0.9785691017001145E+01,0.1198779299917170E-02,,,,,,,,,
-0.9612876314164506E+01,-0.7796809304955785E-03,,,,,,,,,
-0.9612847696475580E+01,0.1194309301817378E-02,,,,,,,,,
-0.9440107988849805E+01,-0.7705039275008203E-03,,,,,,,,,
-0.9440077424483121E+01,0.1190877075221073E-02,,,,,,,,,
-0.9267409933236960E+01,-0.7590254754552611E-03,,,,,,,,,
-0.9267377383444529E+01,0.1183529594342043E-02,,,,,,,,,
-0.9094834203624586E+01,-0.7472526412373112E-03,,,,,,,,,
-0.9094799637048595E+01,0.1177465981569302E-02,,,,,,,,,
-0.8922496383684230E+01,-0.7347985353377445E-03,,,,,,,,,
-0.8922459777965640E+01,0.1169720089164568E-02,,,,,,,,,
-0.8750511500048690E+01,-0.7214972596727264E-03,,,,,,,,,
-0.8750472842637970E+01,0.1160974222620466E-02,,,,,,,,,
-0.8578928158643276E+01,-0.7073047429866500E-03,,,,,,,,,
-0.8578887446803481E+01,0.1150571917150105E-02,,,,,,,,,
-0.8407739850757284E+01,-0.6925320853406226E-03,,,,,,,,,
-0.8407697091586256E+01,0.1145617688870021E-02,,,,,,,,,
-0.8237044937576695E+01,-0.6747183012443201E-03,,,,,,,,,
-0.8237000149850065E+01,0.1125981185417730E-02,,,,,,,,,
-0.8067048818893484E+01,-0.6550688237358808E-03,,,,,,,,,
-0.8067002035222426E+01,0.1108774999878166E-02,,,,,,,,,
-0.7897896261845360E+01,-0.6336799797249069E-03,,,,,,,,,
-0.7897847529038085E+01,0.1089978916202656E-02,,,,,,,,,
-0.7729586235738115E+01,-0.6115059755240734E-03,,,,,,,,,
-0.7729535613967640E+01,0.1065987446409549E-02,,,,,,,,,
-0.7562104730968615E+01,-0.5870300973963180E-03,,,,,,,,,
-0.7562052294305525E+01,0.1040516596564571E-02,,,,,,,,,
-0.7395653427759375E+01,-0.5712125929597559E-03,,,,,,,,,
-0.7395599267199350E+01,0.1001713610787865E-02,,,,,,,,,
-0.7230503282314195E+01,-0.3616189467308152E-03,,,,,,,,,
-0.7230447507031499E+01,0.6594195236183311E-03,,,,,,,,,
-0.7066743528613345E+01,-0.6241310228265488E-03,,,,,,,,,
-0.7066686264537780E+01,0.1176162918579463E-02,,,,,,,,,
-0.6917322278345830E+01,-0.4375654176819551E-03,,,,,,,,,
-0.6917284768698245E+01,0.8088290332672086E-03,,,,,,,,,
-0.6780729940473025E+01,-0.4196835509090896E-03,,,,,,,,,
-0.6780729823386630E+01,0.9183994192796286E-03,,,,,,,,,
-0.6642590926109360E+01,0.8831473743751811E-03,,,,,,,,,
-0.6642560636384150E+01,-0.4692821539392781E-03,,,,,,,,,
-0.6502904934839475E+01,0.9733153533558950E-03,,,,,,,,,
-0.6502851004987270E+01,-0.4762781602931757E-03,,,,,,,,,
-0.6361531135227185E+01,0.1038299939678719E-02,,,,,,,,,
-0.6361460057216660E+01,-0.4930681260661152E-03,,,,,,,,,
-0.6218323819414115E+01,0.1098884316436751E-02,,,,,,,,,
-0.6218241804497710E+01,-0.5088602006531711E-03,,,,,,,,,
-0.6073548300566775E+01,0.1167244456792110E-02,,,,,,,,,
-0.6073461268847980E+01,-0.5199678493055833E-03,,,,,,,,,
-0.5927464144461185E+01,0.1196527526493146E-02,,,,,,,,,
-0.5927377648336455E+01,-0.5187755749540944E-03,,,,,,,,,
-0.5853880942559180E+01,-0.1335741449890945E+00,,,,,,,,,
-0.5853796076059179E+01,0.6666931846165892E-01,,,,,,,,,
-0.5770201886660836E+01,0.1188630963942322E-02,,,,,,,,,
-0.5770134549781345E+01,-0.5233885908322109E-03,,,,,,,,,
-0.5603254515733695E+01,0.1353443377215224E-02,,,,,,,,,
-0.5603220066371906E+01,-0.5255465461937769E-03,,,,,,,,,
-0.5436309430278595E+01,0.1287464406986121E-02,,,,,,,,,
-0.5436303634488930E+01,-0.5255414000544489E-03,,,,,,,,,
-0.5269385358503390E+01,-0.5124869288582854E-03,,,,,,,,,
-0.5269366722740415E+01,0.1329141156204004E-02,,,,,,,,,
-0.5102465322194870E+01,-0.4949506898752913E-03,,,,,,,,,
-0.5102426452508086E+01,0.1364105994729413E-02,,,,,,,,,
-0.4935543587956880E+01,-0.4828081519035135E-03,,,,,,,,,
-0.4935488639886746E+01,0.1367236265923615E-02,,,,,,,,,
-0.4768620196002135E+01,-0.4652767455136286E-03,,,,,,,,,
-0.4768553260069930E+01,0.1382803490900352E-02,,,,,,,,,
-0.4601695163567870E+01,-0.4470901762472783E-03,,,,,,,,,
-0.4601620237111740E+01,0.1396055307049496E-02,,,,,,,,,
-0.4434768484121135E+01,-0.4285417771378155E-03,,,,,,,,,
-0.4434689437899005E+01,0.1420138574077897E-02,,,,,,,,,
-0.4267840133098125E+01,-0.4110261755530798E-03,,,,,,,,,
-0.4267760672457310E+01,0.1438276033322622E-02,,,,,,,,,
-0.4103701380639815E+01,-0.3901188874677977E-03,,,,,,,,,
-0.4103625152425385E+01,0.1431868959876203E-02,,,,,,,,,
-0.3949163227038585E+01,-0.3684355293298920E-03,,,,,,,,,
-0.3949093642296095E+01,0.1522772400430399E-02,,,,,,,,,
-0.3807928036671075E+01,-0.3393805831946502E-03,,,,,,,,,
-0.3807867547806990E+01,0.1420279943648556E-02,,,,,,,,,
-0.3679107633519690E+01,-0.3111863795600829E-03,,,,,,,,,
-0.3679057436796360E+01,0.1377709739973092E-02,,,,,,,,,
-0.3561463373121575E+01,-0.2699431593720499E-03,,,,,,,,,
-0.3561423678138240E+01,0.1615313486204062E-02,,,,,,,,,
-0.3453597741609875E+01,-0.2495981726163542E-03,,,,,,,,,
-0.3453568061941475E+01,0.1338862702396558E-02,,,,,,,,,
-0.3353957652353535E+01,-0.2066923748439443E-03,,,,,,,,,
-0.3353937069637115E+01,0.1345307980902780E-02,,,,,,,,,
-0.3261149087435155E+01,-0.1723990307674123E-03,,,,,,,,,
-0.3261136436975300E+01,0.1326104467073805E-02,,,,,,,,,
-0.3173726110562050E+01,-0.1373574811558633E-03,,,,,,,,,
-0.3173720126958110E+01,0.1370626552997393E-02,,,,,,,,,
-0.3090334904949820E+01,-0.1094538719841060E-03,,,,,,,,,
-0.3090334313169485E+01,0.1266199551404164E-02,,,,,,,,,
-0.3009709627193555E+01,0.1224465269249787E-02,,,,,,,,,
-0.3009706061791215E+01,-0.8053780035555352E-04,,,,,,,,,
-0.2930615309207240E+01,0.1140515005895967E-02,,,,,,,,,
-0.2930608746101420E+01,-0.6009420069497081E-04,,,,,,,,,
-0.2851828239074505E+01,0.8814886149078187E-03,,,,,,,,,
-0.2851819751236925E+01,-0.2750490447714435E-04,,,,,,,,,
-0.2772164142281870E+01,0.9871611168024920E-03,,,,,,,,,
-0.2772154705273025E+01,-0.2058497014201372E-04,,,,,,,,,
-0.2690526578006550E+01,0.7784125683641469E-03,,,,,,,,,
-0.2690517065020305E+01,-0.3869496982260224E-05,,,,,,,,,
-0.2614941001821050E+01,0.1856203190905411E-02,,,,,,,,,
-0.2614932035560775E+01,0.1509004380869398E-04,,,,,,,,,
-0.2545385003642375E+01,0.1399332482291218E-02,,,,,,,,,
-0.2545376974899125E+01,0.4080509307095291E-04,,,,,,,,,
-0.2472634717645185E+01,0.1266278270304964E-02,,,,,,,,,
-0.2472627936468120E+01,0.6772994681896479E-04,,,,,,,,,
-0.2395727169003050E+01,0.1246756230013741E-02,,,,,,,,,
-0.2395721851976890E+01,0.8990867467347921E-04,,,,,,,,,
-0.2313813360841575E+01,0.1056375757806931E-02,,,,,,,,,
-0.2313809604465435E+01,0.1302061947819915E-03,,,,,,,,,
-0.2226062084527120E+01,0.9391800989444826E-03,,,,,,,,,
-0.2226059831735345E+01,0.1616325174000810E-03,,,,,,,,,
-0.2131142759566155E+01,0.8815546494107059E-04,,,,,,,,,
-0.2131141764830960E+01,0.9845787211889545E-04,,,,,,,,,
-0.2027337291797515E+01,-0.1441039931450895E-02,,,,,,,,,
-0.2027337065312575E+01,0.1204637033764530E-02,,,,,,,,,
-0.1934185847657805E+01,0.1503566372482395E-03,,,,,,,,,
-0.1934185847655255E+01,-0.3897705281181781E-03,,,,,,,,,
-0.1798315567814290E+01,-0.9435537185470510E-03,,,,,,,,,
-0.1795258370274605E+01,-0.1593864869801608E-03,,,,,,,,,
0.1795258370274605E+01,-0.1593864869801608E-03,,,,,,,,,
0.1798315567814290E+01,-0.9435537185470510E-03,,,,,,,,,
0.1934185847655255E+01,-0.3897705281181781E-03,,,,,,,,,
0.1934185847657805E+01,0.1503566372482395E-03,,,,,,,,,
0.2027337065312575E+01,0.1204637033764530E-02,,,,,,,,,
0.2027337291797515E+01,-0.1441039931450895E-02,,,,,,,,,
0.2131141764830960E+01,0.9845787211889545E-04,,,,,,,,,
0.2131142759566155E+01,0.8815546494107059E-04,,,,,,,,,
0.2226059831735345E+01,0.1616325174000810E-03,,,,,,,,,
0.2226062084527120E+01,0.9391800989444826E-03,,,,,,,,,
0.2313809604465435E+01,0.1302061947819915E-03,,,,,,,,,
0.2313813360841575E+01,0.1056375757806931E-02,,,,,,,,,
0.2395721851976890E+01,0.8990867467347921E-04,,,,,,,,,
0.2395727169003050E+01,0.1246756230013741E-02,,,,,,,,,
0.2472627936468120E+01,0.6772994681896479E-04,,,,,,,,,
0.2472634717645185E+01,0.1266278270304964E-02,,,,,,,,,
0.2545376974899125E+01,0.4080509307095291E-04,,,,,,,,,
0.2545385003642375E+01,0.1399332482291218E-02,,,,,,,,,
0.2614932035560775E+01,0.1509004380869398E-04,,,,,,,,,
0.2614941001821050E+01,0.1856203190905411E-02,,,,,,,,,
0.2690517065020305E+01,-0.3869496982260224E-05,,,,,,,,,
0.2690526578006550E+01,0.7784125683641469E-03,,,,,,,,,
0.2772154705273025E+01,-0.2058497014201372E-04,,,,,,,,,
0.2772164142281870E+01,0.9871611168024920E-03,,,,,,,,,
0.2851819751236925E+01,-0.2750490447714435E-04,,,,,,,,,
0.2851828239074505E+01,0.8814886149078187E-03,,,,,,,,,
0.2930608746101420E+01,-0.6009420069497081E-04,,,,,,,,,
0.2930615309207240E+01,0.1140515005895967E-02,,,,,,,,,
0.3009706061791215E+01,-0.8053780035555352E-04,,,,,,,,,
0.3009709627193555E+01,0.1224465269249787E-02,,,,,,,,,
0.3090334313169485E+01,0.1266199551404164E-02,,,,,,,,,
0.3090334904949820E+01,-0.1094538719841060E-03,,,,,,,,,
0.3173720126958110E+01,0.1370626552997393E-02,,,,,,,,,
0.3173726110562050E+01,-0.1373574811558633E-03,,,,,,,,,
0.3261136436975300E+01,0.1326104467073805E-02,,,,,,,,,
0.3261149087435155E+01,-0.1723990307674123E-03,,,,,,,,,
0.3353937069637115E+01,0.1345307980902780E-02,,,,,,,,,
0.3353957652353535E+01,-0.2066923748439443E-03,,,,,,,,,
0.3453568061941475E+01,0.1338862702396558E-02,,,,,,,,,
0.3453597741609875E+01,-0.2495981726163542E-03,,,,,,,,,
0.3561423678138240E+01,0.1615313486204062E-02,,,,,,,,,
0.3561463373121575E+01,-0.2699431593720499E-03,,,,,,,,,
0.3679057436796360E+01,0.1377709739973092E-02,,,,,,,,,
0.3679107633519690E+01,-0.3111863795600829E-03,,,,,,,,,
0.3807867547806990E+01,0.1420279943648556E-02,,,,,,,,,
0.3807928036671075E+01,-0.3393805831946502E-03,,,,,,,,,
0.3949093642296095E+01,0.1522772400430399E-02,,,,,,,,,
0.3949163227038585E+01,-0.3684355293298920E-03,,,,,,,,,
0.4103625152425385E+01,0.1431868959876203E-02,,,,,,,,,
0.4103701380639815E+01,-0.3901188874677977E-03,,,,,,,,,
0.4267760672457310E+01,0.1438276033322622E-02,,,,,,,,,
0.4267840133098125E+01,-0.4110261755530798E-03,,,,,,,,,
0.4434689437899005E+01,0.1420138574077897E-02,,,,,,,,,
0.4434768484121135E+01,-0.4285417771378155E-03,,,,,,,,,
0.4601620237111740E+01,0.1396055307049496E-02,,,,,,,,,
0.4601695163567870E+01,-0.4470901762472783E-03,,,,,,,,,
0.4768553260069930E+01,0.1382803490900352E-02,,,,,,,,,
0.4768620196002135E+01,-0.4652767455136286E-03,,,,,,,,,
0.4935488639886746E+01,0.1367236265923615E-02,,,,,,,,,
0.4935543587956880E+01,-0.4828081519035135E-03,,,,,,,,,
0.5102426452508086E+01,0.1364105994729413E-02,,,,,,,,,
0.5102465322194870E+01,-0.4949506898752913E-03,,,,,,,,,
0.5269366722740415E+01,0.1329141156204004E-02,,,,,,,,,
0.5269385358503390E+01,-0.5124869288582854E-03,,,,,,,,,
0.5436303634488930E+01,-0.5255414000544489E-03,,,,,,,,,
0.5436309430278595E+01,0.1287464406986121E-02,,,,,,,,,
0.5603220066371906E+01,-0.5255465461937769E-03,,,,,,,,,
0.5603254515733695E+01,0.1353443377215224E-02,,,,,,,,,
0.5770134549781345E+01,-0.5233885908322109E-03,,,,,,,,,
0.5770201886660836E+01,0.1188630963942322E-02,,,,,,,,,
0.5853796076059179E+01,0.6666931846165892E-01,,,,,,,,,
0.5853880942559180E+01,-0.1335741449890945E+00,,,,,,,,,
0.5927377648336455E+01,-0.5187755749540944E-03,,,,,,,,,
0.5927464144461185E+01,0.1196527526493146E-02,,,,,,,,,
0.6073461268847980E+01,-0.5199678493055833E-03,,,,,,,,,
0.6073548300566775E+01,0.1167244456792110E-02,,,,,,,,,
0.6218241804497710E+01,-0.5088602006531711E-03,,,,,,,,,
0.6218323819414115E+01,0.1098884316436751E-02,,,,,,,,,
0.6361460057216660E+01,-0.4930681260661152E-03,,,,,,,,,
0.6361531135227185E+01,0.1038299939678719E-02,,,,,,,,,
0.6502851004987270E+01,-0.4762781602931757E-03,,,,,,,,,
0.6502904934839475E+01,0.9733153533558950E-03,,,,,,,,,
0.6642560636384150E+01,-0.4692821539392781E-03,,,,,,,,,
0.6642590926109360E+01,0.8831473743751811E-03,,,,,,,,,
0.6780729823386630E+01,0.9183994192796286E-03,,,,,,,,,
0.6780729940473025E+01,-0.4196835509090896E-03,,,,,,,,,
0.6917284768698245E+01,0.8088290332672086E-03,,,,,,,,,
0.6917322278345830E+01,-0.4375654176819551E-03,,,,,,,,,
0.7066686264537780E+01,0.1176162918579463E-02,,,,,,,,,
0.7066743528613345E+01,-0.6241310228265488E-03,,,,,,,,,
0.7230447507031499E+01,0.6594195236183311E-03,,,,,,,,,
0.7230503282314195E+01,-0.3616189467308152E-03,,,,,,,,,
0.7395599267199350E+01,0.1001713610787865E-02,,,,,,,,,
0.7395653427759375E+01,-0.5712125929597559E-03,,,,,,,,,
0.7562052294305525E+01,0.1040516596564571E-02,,,,,,,,,
0.7562104730968615E+01,-0.5870300973963180E-03,,,,,,,,,
0.7729535613967640E+01,0.1065987446409549E-02,,,,,,,,,
0.7729586235738115E+01,-0.6115059755240734E-03,,,,,,,,,
0.7897847529038085E+01,0.1089978916202656E-02,,,,,,,,,
0.7897896261845360E+01,-0.6336799797249069E-03,,,,,,,,,
0.8067002035222426E+01,0.1108774999878166E-02,,,,,,,,,
0.8067048818893484E+01,-0.6550688237358808E-03,,,,,,,,,
0.8237000149850065E+01,0.1125981185417730E-02,,,,,,,,,
0.8237044937576695E+01,-0.6747183012443201E-03,,,,,,,,,
0.8407697091586256E+01,0.1145617688870021E-02,,,,,,,,,
0.8407739850757284E+01,-0.6925320853406226E-03,,,,,,,,,
0.8578887446803481E+01,0.1150571917150105E-02,,,,,,,,,
0.8578928158643276E+01,-0.7073047429866500E-03,,,,,,,,,
0.8750472842637970E+01,0.1160974222620466E-02,,,,,,,,,
0.8750511500048690E+01,-0.7214972596727264E-03,,,,,,,,,
0.8922459777965640E+01,0.1169720089164568E-02,,,,,,,,,
0.8922496383684230E+01,-0.7347985353377445E-03,,,,,,,,,
0.9094799637048595E+01,0.1177465981569302E-02,,,,,,,,,
0.9094834203624586E+01,-0.7472526412373112E-03,,,,,,,,,
0.9267377383444529E+01,0.1183529594342043E-02,,,,,,,,,
0.9267409933236960E+01,-0.7590254754552611E-03,,,,,,,,,
0.9440077424483121E+01,0.1190877075221073E-02,,,,,,,,,
0.9440107988849805E+01,-0.7705039275008203E-03,,,,,,,,,
0.9612847696475580E+01,0.1194309301817378E-02,,,,,,,,,
0.9612876314164506E+01,-0.7796809304955785E-03,,,,,,,,,
0.9785691017001145E+01,0.1198779299917170E-02,,,,,,,,,
0.9785717732374716E+01,-0.7889407012735682E-03,,,,,,,,,
0.9958556410933525E+01,0.1207704318605318E-02,,,,,,,,,
0.9958581273406216E+01,-0.7974960960294870E-03,,,,,,,,,
0.1013131403110040E+02,0.1188646599774057E-02,,,,,,,,,
0.1013133709541280E+02,-0.8043423526619872E-03,,,,,,,,,
0.1030384036101280E+02,0.1215352467736131E-02,,,,,,,,,
0.1030386168689885E+02,-0.8145837317542201E-03,,,,,,,,,
0.1047609928070085E+02,0.1216520570780489E-02,,,,,,,,,
0.1047611893164680E+02,-0.8245762328216717E-03,,,,,,,,,
0.1064820447401895E+02,0.1222199423403287E-02,,,,,,,,,
0.1064822251529960E+02,-0.8340234557528205E-03,,,,,,,,,
0.1082024096082135E+02,0.1227199909210093E-02,,,,,,,,,
0.1082025745925280E+02,-0.8445758986844386E-03,,,,,,,,,
0.1099206609710320E+02,0.1210746605076835E-02,,,,,,,,,
0.1099208112244340E+02,-0.8370702978273784E-03,,,,,,,,,
0.1116346479324045E+02,0.1211625449634759E-02,,,,,,,,,
0.1116347841776885E+02,-0.8432915663062385E-03,,,,,,,,,
0.1133433217261895E+02,0.1210304297104868E-02,,,,,,,,,
0.1133434446923415E+02,-0.8519705178611442E-03,,,,,,,,,
0.1150472943399695E+02,0.1179144928531106E-02,,,,,,,,,
0.1150474047434965E+02,-0.8310384945219436E-03,,,,,,,,,
0.1167490253184825E+02,0.1169469618028935E-02,,,,,,,,,
0.1167491238484210E+02,-0.8360888978583107E-03,,,,,,,,,
0.1184497391529525E+02,0.1246556259174159E-02,,,,,,,,,
0.1184498264850625E+02,-0.8843277797938416E-03,,,,,,,,,
0.1201473973400500E+02,0.1268816310675653E-02,,,,,,,,,
0.1201474741619435E+02,-0.8929963419868761E-03,,,,,,,,,
0.1218394917211355E+02,0.1211829003553815E-02,,,,,,,,,
0.1218395587272005E+02,-0.8917173577813208E-03,,,,,,,,,
0.1235249521605630E+02,0.1254277959843290E-02,,,,,,,,,
0.1235250100340255E+02,-0.9066312696170979E-03,,,,,,,,,
0.1252043086813325E+02,0.1264596339377147E-02,,,,,,,,,
0.1252043580813835E+02,-0.9201216404906321E-03,,,,,,,,,
0.1268798295844085E+02,0.1272089022971858E-02,,,,,,,,,
0.1268798711386140E+02,-0.9321765563874452E-03,,,,,,,,,
0.1285543560151230E+02,0.1285808605300454E-02,,,,,,,,,
0.1285543903209400E+02,-0.9456723486949544E-03,,,,,,,,,
0.1302277754666240E+02,0.1300930000275621E-02,,,,,,,,,
0.1302278031050010E+02,-0.9618514758955823E-03,,,,,,,,,
0.1318974213326025E+02,0.1320222664368878E-02,,,,,,,,,
0.1318974428757885E+02,-0.9809092909440740E-03,,,,,,,,,
0.1335612933239515E+02,0.1337031158995096E-02,,,,,,,,,
0.1335613093306520E+02,-0.9997343396677201E-03,,,,,,,,,
0.1352185568656175E+02,0.1348520089306386E-02,,,,,,,,,
0.1352185678757580E+02,-0.1015305843440061E-02,,,,,,,,,
0.1368694864036520E+02,0.1374343890998270E-02,,,,,,,,,
0.1368694929348460E+02,-0.1036584806833506E-02,,,,,,,,,
0.1385154087122615E+02,0.1399872941044590E-02,,,,,,,,,
0.1385154112579815E+02,-0.1061995836874765E-02,,,,,,,,,
0.1401586445383860E+02,-0.1090941042661893E-02,,,,,,,,,
0.1401586455089375E+02,0.1431142665982777E-02,,,,,,,,,
0.1418015106905130E+02,-0.1123455716064947E-02,,,,,,,,,
0.1418015147303125E+02,0.1466423647141231E-02,,,,,,,,,
0.1434435749801450E+02,-0.1157431547895147E-02,,,,,,,,,
0.1434435816602990E+02,0.1498984554766643E-02,,,,,,,,,
0.1450822949679310E+02,-0.1201054738052421E-02,,,,,,,,,
0.1450823038755115E+02,0.1551342462192457E-02,,,,,,,,,
0.1467159391529265E+02,-0.1251407572216016E-02,,,,,,,,,
0.1467159498913675E+02,0.1607478315984094E-02,,,,,,,,,
0.1483440338049885E+02,-0.1309179202437533E-02,,,,,,,,,
0.1483440459941815E+02,0.1673464423163461E-02,,,,,,,,,
0.1499672676006100E+02,-0.1381713540830692E-02,,,,,,,,,
0.1499672808762250E+02,0.1761778745133971E-02,,,,,,,,,
0.1515873962587550E+02,-0.1430796964128681E-02,,,,,,,,,
0.1515874102707905E+02,0.1793302731164270E-02,,,,,,,,,
0.1532069547867770E+02,-0.1506520319687572E-02,,,,,,,,,
0.1532069691975770E+02,0.1883756700862238E-02,,,,,,,,,
0.1548272419546395E+02,-0.1604946757304360E-02,,,,,,,,,
0.1548272564383810E+02,0.2002571771679331E-02,,,,,,,,,
0.1564472056901675E+02,-0.1718832974229180E-02,,,,,,,,,
0.1564472199325055E+02,0.2118793355589576E-02,,,,,,,,,
0.1580651293437625E+02,-0.1855634399148671E-02,,,,,,,,,
0.1580651430388980E+02,0.2273032866558230E-02,,,,,,,,,
0.1596796932704365E+02,-0.2030063189405469E-02,,,,,,,,,
0.1596797061174045E+02,0.2457436100737523E-02,,,,,,,,,
0.1612900355032535E+02,-0.2231957653088096E-02,,,,,,,,,
0.1612900472028925E+02,0.2678715159359139E-02,,,,,,,,,
0.1628958007675040E+02,-0.2477425385017384E-02,,,,,,,,,
0.1628958110201235E+02,0.2939271606203595E-02,,,,,,,,,
0.1644971894948780E+02,-0.2785224437504068E-02,,,,,,,,,
0.1644971979986290E+02,0.3256100131091972E-02,,,,,,,,,
0.1660950068376410E+02,-0.3155960958469358E-02,,,,,,,,,
0.1660950132875845E+02,0.3632663388520393E-02,,,,,,,,,
0.1676907116828080E+02,-0.3579089627240755E-02,,,,,,,,,
0.1676907157706805E+02,0.4028396446382370E-02,,,,,,,,,
0.1692864656663175E+02,-0.4652782214864104E-02,,,,,,,,,
0.1692864670809990E+02,0.5095192881500133E-02,,,,,,,,,
0.1700846706006510E+02,-0.2147941930579901E-01,,,,,,,,,
     
